x: [-0.3018993318169826,-0.3018993318169826],

y: [0.2645749510627854,0.31031602424311155],

"Motor","Modules",0.82832625,2,1418.4