x: [-0.4073103190043329,-0.4073103190043329,0.4099459404522298],

y: [-0.23315212935702945,0.23385144747529288,-0.23315212935702945],

"12 Neopixel Circle","Modules",0.799422856383,3,1418.4,