x: [-0.4102659953992101,0.06348663953908623,-0.3786824864033235,-0.34709897740743695,-0.31551546841155076,-0.2839319594156647,-0.2523484504197782,-0.22076494142389136,-0.18918143242800534,-0.15759792343211873,-0.1260144144362319,-0.09443090544034576,-0.06284739644445893,-0.03126388744857278,0.00031962154731404236,0.03190313054320019],

y: [-0.45605802902309767,-0.45605802902309767,-0.45605802902309767,-0.45605802902309767,-0.45605802902309767,-0.45605802902309767,-0.45605802902309767,-0.45605802902309767,-0.45605802902309767,-0.45605802902309767,-0.45605802902309767,-0.45605802902309767,-0.45605802902309767,-0.45605802902309767,-0.45605802902309767,-0.45605802902309767],

"16x2 LCD Display","Modules",0.985042894222,16,1418.4,