x: [-0.26083873067699936,0.2580863524959044],

y: [0.49022678336967485,0.49022678336967485],

"Capacitor","Electrical",0.599529915202,2,1418.4,