x50: [-0.3016693334082856,-0.27714585176748513,-0.08095799864108086,-0.040987024002059176,-0.25262237012668537,-0.22809888848588483,-0.20357540684508424,-0.17905192520428329,-0.15452844356348305,-0.13000496192268254,-0.10548148028188184,-0.016288299208940364,0.00805185215070466,0.03280443210771842,0.057247690616705774,0.08189716342437768,0.10644352908270707,0.13057746614366791,0.18018715838343213,0.20452730974307726,0.22897056825206472,0.25382625535842124,0.2781664067180663,0.3025065580777115,0.3277148454581084,0.3518920613450826,0.4262690797547588,0.45072024362886437,0.4262690797547588,0.45072024362886437,0.4262690797547588,0.45072024362886437,0.4262690797547588,0.45072024362886437,0.4262690797547588,0.45072024362886437,0.4262690797547588,0.45072024362886437,0.4262690797547588,0.45072024362886437,0.4262690797547588,0.45072024362886437,0.4262690797547588,0.45072024362886437,0.4262690797547588,0.45072024362886437,0.4262690797547588,0.45072024362886437,0.4262690797547588,0.45072024362886437,0.4262690797547588,0.45072024362886437,0.4262690797547588,0.45072024362886437,0.4262690797547588,0.45072024362886437,0.4262690797547588,0.45072024362886437,0.4262690797547588,0.45072024362886437,0.4262690797547588,0.45072024362886437,0.40171489016887596,0.37654964893263293,0.3518920613450826,0.3277148454581084,0.3025065580777115,0.2781664067180663,0.25382625535842124,0.22897056825206472,0.00805185215070466,0.03280443210771842,0.057247690616705774,0.08189716342437768,0.10644352908270707,0.13057746614366791,0.15471140320462848,0.18018715838343213,-0.21254602475054435,-0.18861830198826834,-0.16365950773256993,-0.13973178497029373,-0.11477299071459514,-0.08981419645889682,-0.06485540220319831,-0.040987024002059176],

y: [-0.4167416293826528,-0.4167416293826528,-0.4167416293826528,-0.4167416293826528,-0.4167416293826528,-0.4167416293826528,-0.4167416293826528,-0.4167416293826528,-0.4167416293826528,-0.4167416293826528,-0.4167416293826528,-0.4167416293826528,-0.4167416293826528,-0.4167416293826528,-0.4167416293826528,-0.4167416293826528,-0.4167416293826528,-0.4167416293826528,-0.4167416293826528,-0.4167416293826528,-0.4167416293826528,-0.4167416293826528,-0.4167416293826528,-0.4167416293826528,-0.4167416293826528,-0.4167416293826528,-0.4167416293826528,-0.4167416293826528,-0.3712518293055903,-0.3712518293055903,-0.325762029228528,-0.325762029228528,-0.2802722291514656,-0.2802722291514656,-0.234782429074403,-0.234782429074403,-0.1892926289973404,-0.1892926289973404,-0.14380282892027754,-0.14380282892027754,-0.09831302884321483,-0.09831302884321483,-0.05282322876615255,-0.05282322876615255,-0.007333428689089746,-0.007333428689089746,0.039887053354845714,0.039887053354845714,0.08710753539878144,0.08710753539878144,0.13298193146848258,0.13278963347216333,0.1788563275381832,0.1788563275381832,0.2247307236078846,0.2247307236078846,0.270605119677586,0.270605119677586,0.31647951574728683,0.31647951574728683,0.36235391181698806,0.36235391181698806,0.4522361805648672,0.4522361805648672,0.4522361805648672,0.4522361805648672,0.4522361805648672,0.4522361805648672,0.4522361805648672,0.4522361805648672,0.4522361805648672,0.4522361805648672,0.4522361805648672,0.4522361805648672,0.4522361805648672,0.4522361805648672,0.4522361805648672,0.4522361805648672,0.4522361805648672,0.4522361805648672,0.4522361805648672,0.4522361805648672,0.4522361805648672,0.4522361805648672,0.4522361805648672,0.4522361805648672],


"Arduino Due","Microcontrollers",0.878279106287,86,1418.4,