x: [-0.3577878591897138,-0.0025999326057949456,0.3525879939781274],

y: [0.47799735215719075,0.47799735215719075,0.47799735215719075],

"Slideswitch","Modules",0.788315083492,3,1418.4,