x: [-0.1443521900834804,-0.08664631909490836,-0.028940448106336766,0.14417716485937895,0.08647129387080744,0.028765422882235943],

y: [0.46510207879823773,0.46510207879823773,0.46510207879823773,0.46510207879823773,0.46510207879823773,0.46510207879823773],

"DC Motor","Modules",0.852757925615851,6,1418.4,