x: [-0.21123524034376095,-0.05722190895651546,0.09679142243073005,0.25080475381797557],

y: [0.5003788870324086,0.5003788870324086,0.5003788870324086,0.5003788870324086],

"MQ135 Gas","Modules",0.909012218221,4,1418.4,