x: [-0.15930489059481448,0.0019153533722698647,0.1631355973393524,-0.108286096802162,0.0019153533722698647,0.11211680354670389],

y: [-0.44085265752100716,-0.44085265752100716,-0.44085265752100716,-0.39503771833924967,-0.39516772759955265,-0.3953170766012632],

"Soil Moisture","Modules",0.868377298998,6,1418.4,