x: [-0.39621912446360613,-0.1976897250087656,0.0008396744460744726,0.19936907390091455,0.3978984733557546,-0.39621912446360613,-0.1976897250087656,0.0008396744460744726,0.19936907390091455,0.3978984733557546],

y: [-0.3975914479538355,-0.3975914479538355,-0.3975914479538355,-0.3975914479538355,-0.3975914479538355,0.399382687987177,0.399382687987177,0.399382687987177,0.399382687987177,0.399382687987177],

"7 Segment Display","Modules",0.7582636870003985,10,1418.4,