x: [-0.07526448001256746,-0.024972464424991455,0.07561156675015877,0.025319551162583016],

y: [-0.4216745419045312,-0.4216745419045312,-0.4216745419045312,-0.4216745419045312],

"Clock Display","Modules",0.8092273483797113,4,1418.4,